Process Id | Arrival Time | Burst Time | Completion Time | Turn Around Time | Waiting Time | Response Time | 
  0         |     32        |     18        |     72        |     40       |     22       |     9       | 
      1         |     6        |     43        |     452        |     446       |     403       |     403       | 
      2         |     29        |     41        |     409        |     380       |     339       |     339       | 
      3         |     6        |     20        |     26        |     20       |     0       |     0       | 
      4         |     21        |     19        |     109        |     88       |     69       |     69       | 
      5         |     12        |     15        |     41        |     29       |     14       |     14       | 
      6         |     35        |     50        |     637        |     602       |     552       |     552       | 
      7         |     25        |     36        |     221        |     196       |     160       |     160       | 
      8         |     11        |     29        |     185        |     174       |     145       |     145       | 
      9         |     0        |     43        |     294        |     294       |     251       |     0       | 
      10         |     9        |     37        |     331        |     322       |     285       |     285       | 
      11         |     22        |     48        |     587        |     565       |     517       |     517       | 
      12         |     48        |     43        |     495        |     447       |     404       |     404       | 
      13         |     45        |     13        |     58        |     13       |     0       |     0       | 
      14         |     21        |     36        |     257        |     236       |     200       |     200       | 
      15         |     13        |     37        |     368        |     355       |     318       |     318       | 
      16         |     49        |     44        |     539        |     490       |     446       |     446       | 
      17         |     31        |     18        |     90        |     59       |     41       |     41       | 
      18         |     15        |     20        |     129        |     114       |     94       |     94       | 
      19         |     47        |     27        |     156        |     109       |     82       |     82       | 
    